[2025-05-27 14:22:24] - INFO:  ### Print the current configuration to a log file 
[2025-05-27 14:22:24] - INFO: ###  project_dir = /data/baisr/AMP-generation
[2025-05-27 14:22:24] - INFO: ###  model_name_or_path = /data/baisr/AMP-generation/ProtGPT2
[2025-05-27 14:22:24] - INFO: ###  tokenizer_name_or_path = /data/baisr/AMP-generation/ProtGPT2
[2025-05-27 14:22:24] - INFO: ###  train_path = /data/baisr/AMP-generation/data/train_amp.csv
[2025-05-27 14:22:24] - INFO: ###  test_path = /data/baisr/AMP-generation/data/test_amp.csv
[2025-05-27 14:22:24] - INFO: ###  num_virtual_tokens = 20
[2025-05-27 14:22:24] - INFO: ###  peft_config = PromptTuningConfig(task_type=<TaskType.CAUSAL_LM: 'CAUSAL_LM'>, peft_type=<PeftType.PROMPT_TUNING: 'PROMPT_TUNING'>, auto_mapping=None, base_model_name_or_path=None, revision=None, inference_mode=False, num_virtual_tokens=20, token_dim=None, num_transformer_submodules=None, num_attention_heads=None, num_layers=None, prompt_tuning_init='RANDOM', prompt_tuning_init_text=None, tokenizer_name_or_path='/data/baisr/AMP-generation/ProtGPT2', tokenizer_kwargs=None)
[2025-05-27 14:22:24] - INFO: ###  task_type = soft
[2025-05-27 14:22:24] - INFO: ###  text_column = Sequence
[2025-05-27 14:22:24] - INFO: ###  max_length = 128
[2025-05-27 14:22:24] - INFO: ###  lr = 0.0001
[2025-05-27 14:22:24] - INFO: ###  num_epochs = 200
[2025-05-27 14:22:24] - INFO: ###  batch_size = 32
[2025-05-27 14:22:24] - INFO: ###  random_seed = 42
[2025-05-27 14:22:24] - INFO: ###  model_save_dir = /data/baisr/AMP-generation/cache/soft
[2025-05-27 14:22:24] - INFO: ###  logs_save_dir = /data/baisr/AMP-generation/logs/soft
[2025-05-27 14:22:24] - INFO: ###  device = cuda:3
[2025-05-27 14:22:24] - INFO: ###  writer = <torch.utils.tensorboard.writer.SummaryWriter object at 0x73829a71ca30>
[2025-05-27 14:22:44] - INFO: check the info about dataset
[2025-05-27 14:22:44] - INFO: DatasetDict({
    train: Dataset({
        features: ['Sequence'],
        num_rows: 3598
    })
    test: Dataset({
        features: ['Sequence'],
        num_rows: 900
    })
})
[2025-05-27 14:22:44] - INFO: {'Sequence': 'FIHHIVHAIGRLF'}
[2025-05-27 14:22:44] - INFO: {'Sequence': 'KKLKLALAKPALLWKALALKLKKA'}
[2025-05-27 14:22:44] - WARNING: Parameter 'function'=<function train.<locals>.preprocess_function at 0x738299307e50> of the transform datasets.arrow_dataset.Dataset._map_single couldn't be hashed properly, a random hash was used instead. Make sure your transforms and parameters are serializable with pickle or dill for the dataset fingerprinting and caching to work. If you reuse this transform, the caching mechanism will consider it to be different from the previous calls and recompute everything. This warning is only showed once. Subsequent hashing failures won't be showed.
[2025-05-27 14:22:45] - INFO: DatasetDict({
    train: Dataset({
        features: ['input_ids', 'attention_mask', 'labels'],
        num_rows: 3598
    })
    test: Dataset({
        features: ['input_ids', 'attention_mask', 'labels'],
        num_rows: 900
    })
})
[2025-05-27 14:22:45] - INFO: Dataset({
    features: ['input_ids', 'attention_mask', 'labels'],
    num_rows: 3598
})
[2025-05-27 14:22:45] - INFO: Dataset({
    features: ['input_ids', 'attention_mask', 'labels'],
    num_rows: 900
})
[2025-05-27 14:22:45] - INFO: Sample 2619 of the training set: {'input_ids': [0, 261, 8674, 2024, 44953, 2554, 4273, 2063, 348, 689, 12388, 1983, 57, 0, 0, 0, 0, 0, 0, 0, 0, 0, 0, 0, 0, 0, 0, 0, 0, 0, 0, 0, 0, 0, 0, 0, 0, 0, 0, 0, 0, 0, 0, 0, 0, 0, 0, 0, 0, 0, 0, 0, 0, 0, 0, 0, 0, 0, 0, 0, 0, 0, 0, 0, 0, 0, 0, 0, 0, 0, 0, 0, 0, 0, 0, 0, 0, 0, 0, 0, 0, 0, 0, 0, 0, 0, 0, 0, 0, 0, 0, 0, 0, 0, 0, 0, 0, 0, 0, 0, 0, 0, 0, 0, 0, 0, 0, 0, 0, 0, 0, 0, 0, 0, 0, 0, 0, 0, 0, 0, 0, 0, 0, 0, 0, 0, 0, 0], 'attention_mask': [1, 1, 1, 1, 1, 1, 1, 1, 1, 1, 1, 1, 1, 1, 0, 0, 0, 0, 0, 0, 0, 0, 0, 0, 0, 0, 0, 0, 0, 0, 0, 0, 0, 0, 0, 0, 0, 0, 0, 0, 0, 0, 0, 0, 0, 0, 0, 0, 0, 0, 0, 0, 0, 0, 0, 0, 0, 0, 0, 0, 0, 0, 0, 0, 0, 0, 0, 0, 0, 0, 0, 0, 0, 0, 0, 0, 0, 0, 0, 0, 0, 0, 0, 0, 0, 0, 0, 0, 0, 0, 0, 0, 0, 0, 0, 0, 0, 0, 0, 0, 0, 0, 0, 0, 0, 0, 0, 0, 0, 0, 0, 0, 0, 0, 0, 0, 0, 0, 0, 0, 0, 0, 0, 0, 0, 0, 0, 0], 'labels': [0, 261, 8674, 2024, 44953, 2554, 4273, 2063, 348, 689, 12388, 1983, 57, 0, -100, -100, -100, -100, -100, -100, -100, -100, -100, -100, -100, -100, -100, -100, -100, -100, -100, -100, -100, -100, -100, -100, -100, -100, -100, -100, -100, -100, -100, -100, -100, -100, -100, -100, -100, -100, -100, -100, -100, -100, -100, -100, -100, -100, -100, -100, -100, -100, -100, -100, -100, -100, -100, -100, -100, -100, -100, -100, -100, -100, -100, -100, -100, -100, -100, -100, -100, -100, -100, -100, -100, -100, -100, -100, -100, -100, -100, -100, -100, -100, -100, -100, -100, -100, -100, -100, -100, -100, -100, -100, -100, -100, -100, -100, -100, -100, -100, -100, -100, -100, -100, -100, -100, -100, -100, -100, -100, -100, -100, -100, -100, -100, -100, -100]}.
[2025-05-27 14:22:45] - INFO: Sample 456 of the training set: {'input_ids': [0, 613, 376, 1317, 297, 1091, 0, 0, 0, 0, 0, 0, 0, 0, 0, 0, 0, 0, 0, 0, 0, 0, 0, 0, 0, 0, 0, 0, 0, 0, 0, 0, 0, 0, 0, 0, 0, 0, 0, 0, 0, 0, 0, 0, 0, 0, 0, 0, 0, 0, 0, 0, 0, 0, 0, 0, 0, 0, 0, 0, 0, 0, 0, 0, 0, 0, 0, 0, 0, 0, 0, 0, 0, 0, 0, 0, 0, 0, 0, 0, 0, 0, 0, 0, 0, 0, 0, 0, 0, 0, 0, 0, 0, 0, 0, 0, 0, 0, 0, 0, 0, 0, 0, 0, 0, 0, 0, 0, 0, 0, 0, 0, 0, 0, 0, 0, 0, 0, 0, 0, 0, 0, 0, 0, 0, 0, 0, 0], 'attention_mask': [1, 1, 1, 1, 1, 1, 1, 0, 0, 0, 0, 0, 0, 0, 0, 0, 0, 0, 0, 0, 0, 0, 0, 0, 0, 0, 0, 0, 0, 0, 0, 0, 0, 0, 0, 0, 0, 0, 0, 0, 0, 0, 0, 0, 0, 0, 0, 0, 0, 0, 0, 0, 0, 0, 0, 0, 0, 0, 0, 0, 0, 0, 0, 0, 0, 0, 0, 0, 0, 0, 0, 0, 0, 0, 0, 0, 0, 0, 0, 0, 0, 0, 0, 0, 0, 0, 0, 0, 0, 0, 0, 0, 0, 0, 0, 0, 0, 0, 0, 0, 0, 0, 0, 0, 0, 0, 0, 0, 0, 0, 0, 0, 0, 0, 0, 0, 0, 0, 0, 0, 0, 0, 0, 0, 0, 0, 0, 0], 'labels': [0, 613, 376, 1317, 297, 1091, 0, -100, -100, -100, -100, -100, -100, -100, -100, -100, -100, -100, -100, -100, -100, -100, -100, -100, -100, -100, -100, -100, -100, -100, -100, -100, -100, -100, -100, -100, -100, -100, -100, -100, -100, -100, -100, -100, -100, -100, -100, -100, -100, -100, -100, -100, -100, -100, -100, -100, -100, -100, -100, -100, -100, -100, -100, -100, -100, -100, -100, -100, -100, -100, -100, -100, -100, -100, -100, -100, -100, -100, -100, -100, -100, -100, -100, -100, -100, -100, -100, -100, -100, -100, -100, -100, -100, -100, -100, -100, -100, -100, -100, -100, -100, -100, -100, -100, -100, -100, -100, -100, -100, -100, -100, -100, -100, -100, -100, -100, -100, -100, -100, -100, -100, -100, -100, -100, -100, -100, -100, -100]}.
[2025-05-27 14:22:45] - INFO: Sample 102 of the training set: {'input_ids': [0, 13725, 349, 2490, 11638, 0, 0, 0, 0, 0, 0, 0, 0, 0, 0, 0, 0, 0, 0, 0, 0, 0, 0, 0, 0, 0, 0, 0, 0, 0, 0, 0, 0, 0, 0, 0, 0, 0, 0, 0, 0, 0, 0, 0, 0, 0, 0, 0, 0, 0, 0, 0, 0, 0, 0, 0, 0, 0, 0, 0, 0, 0, 0, 0, 0, 0, 0, 0, 0, 0, 0, 0, 0, 0, 0, 0, 0, 0, 0, 0, 0, 0, 0, 0, 0, 0, 0, 0, 0, 0, 0, 0, 0, 0, 0, 0, 0, 0, 0, 0, 0, 0, 0, 0, 0, 0, 0, 0, 0, 0, 0, 0, 0, 0, 0, 0, 0, 0, 0, 0, 0, 0, 0, 0, 0, 0, 0, 0], 'attention_mask': [1, 1, 1, 1, 1, 1, 0, 0, 0, 0, 0, 0, 0, 0, 0, 0, 0, 0, 0, 0, 0, 0, 0, 0, 0, 0, 0, 0, 0, 0, 0, 0, 0, 0, 0, 0, 0, 0, 0, 0, 0, 0, 0, 0, 0, 0, 0, 0, 0, 0, 0, 0, 0, 0, 0, 0, 0, 0, 0, 0, 0, 0, 0, 0, 0, 0, 0, 0, 0, 0, 0, 0, 0, 0, 0, 0, 0, 0, 0, 0, 0, 0, 0, 0, 0, 0, 0, 0, 0, 0, 0, 0, 0, 0, 0, 0, 0, 0, 0, 0, 0, 0, 0, 0, 0, 0, 0, 0, 0, 0, 0, 0, 0, 0, 0, 0, 0, 0, 0, 0, 0, 0, 0, 0, 0, 0, 0, 0], 'labels': [0, 13725, 349, 2490, 11638, 0, -100, -100, -100, -100, -100, -100, -100, -100, -100, -100, -100, -100, -100, -100, -100, -100, -100, -100, -100, -100, -100, -100, -100, -100, -100, -100, -100, -100, -100, -100, -100, -100, -100, -100, -100, -100, -100, -100, -100, -100, -100, -100, -100, -100, -100, -100, -100, -100, -100, -100, -100, -100, -100, -100, -100, -100, -100, -100, -100, -100, -100, -100, -100, -100, -100, -100, -100, -100, -100, -100, -100, -100, -100, -100, -100, -100, -100, -100, -100, -100, -100, -100, -100, -100, -100, -100, -100, -100, -100, -100, -100, -100, -100, -100, -100, -100, -100, -100, -100, -100, -100, -100, -100, -100, -100, -100, -100, -100, -100, -100, -100, -100, -100, -100, -100, -100, -100, -100, -100, -100, -100, -100]}.
[2025-05-27 14:22:45] - INFO: Sample 759 of the test set: {'input_ids': [0, 261, 8674, 2024, 44953, 2554, 6010, 0, 0, 0, 0, 0, 0, 0, 0, 0, 0, 0, 0, 0, 0, 0, 0, 0, 0, 0, 0, 0, 0, 0, 0, 0, 0, 0, 0, 0, 0, 0, 0, 0, 0, 0, 0, 0, 0, 0, 0, 0, 0, 0, 0, 0, 0, 0, 0, 0, 0, 0, 0, 0, 0, 0, 0, 0, 0, 0, 0, 0, 0, 0, 0, 0, 0, 0, 0, 0, 0, 0, 0, 0, 0, 0, 0, 0, 0, 0, 0, 0, 0, 0, 0, 0, 0, 0, 0, 0, 0, 0, 0, 0, 0, 0, 0, 0, 0, 0, 0, 0, 0, 0, 0, 0, 0, 0, 0, 0, 0, 0, 0, 0, 0, 0, 0, 0, 0, 0, 0, 0], 'attention_mask': [1, 1, 1, 1, 1, 1, 1, 1, 0, 0, 0, 0, 0, 0, 0, 0, 0, 0, 0, 0, 0, 0, 0, 0, 0, 0, 0, 0, 0, 0, 0, 0, 0, 0, 0, 0, 0, 0, 0, 0, 0, 0, 0, 0, 0, 0, 0, 0, 0, 0, 0, 0, 0, 0, 0, 0, 0, 0, 0, 0, 0, 0, 0, 0, 0, 0, 0, 0, 0, 0, 0, 0, 0, 0, 0, 0, 0, 0, 0, 0, 0, 0, 0, 0, 0, 0, 0, 0, 0, 0, 0, 0, 0, 0, 0, 0, 0, 0, 0, 0, 0, 0, 0, 0, 0, 0, 0, 0, 0, 0, 0, 0, 0, 0, 0, 0, 0, 0, 0, 0, 0, 0, 0, 0, 0, 0, 0, 0], 'labels': [0, 261, 8674, 2024, 44953, 2554, 6010, 0, -100, -100, -100, -100, -100, -100, -100, -100, -100, -100, -100, -100, -100, -100, -100, -100, -100, -100, -100, -100, -100, -100, -100, -100, -100, -100, -100, -100, -100, -100, -100, -100, -100, -100, -100, -100, -100, -100, -100, -100, -100, -100, -100, -100, -100, -100, -100, -100, -100, -100, -100, -100, -100, -100, -100, -100, -100, -100, -100, -100, -100, -100, -100, -100, -100, -100, -100, -100, -100, -100, -100, -100, -100, -100, -100, -100, -100, -100, -100, -100, -100, -100, -100, -100, -100, -100, -100, -100, -100, -100, -100, -100, -100, -100, -100, -100, -100, -100, -100, -100, -100, -100, -100, -100, -100, -100, -100, -100, -100, -100, -100, -100, -100, -100, -100, -100, -100, -100, -100, -100]}.
[2025-05-27 14:22:45] - INFO: Sample 281 of the test set: {'input_ids': [0, 613, 351, 15552, 706, 0, 0, 0, 0, 0, 0, 0, 0, 0, 0, 0, 0, 0, 0, 0, 0, 0, 0, 0, 0, 0, 0, 0, 0, 0, 0, 0, 0, 0, 0, 0, 0, 0, 0, 0, 0, 0, 0, 0, 0, 0, 0, 0, 0, 0, 0, 0, 0, 0, 0, 0, 0, 0, 0, 0, 0, 0, 0, 0, 0, 0, 0, 0, 0, 0, 0, 0, 0, 0, 0, 0, 0, 0, 0, 0, 0, 0, 0, 0, 0, 0, 0, 0, 0, 0, 0, 0, 0, 0, 0, 0, 0, 0, 0, 0, 0, 0, 0, 0, 0, 0, 0, 0, 0, 0, 0, 0, 0, 0, 0, 0, 0, 0, 0, 0, 0, 0, 0, 0, 0, 0, 0, 0], 'attention_mask': [1, 1, 1, 1, 1, 1, 0, 0, 0, 0, 0, 0, 0, 0, 0, 0, 0, 0, 0, 0, 0, 0, 0, 0, 0, 0, 0, 0, 0, 0, 0, 0, 0, 0, 0, 0, 0, 0, 0, 0, 0, 0, 0, 0, 0, 0, 0, 0, 0, 0, 0, 0, 0, 0, 0, 0, 0, 0, 0, 0, 0, 0, 0, 0, 0, 0, 0, 0, 0, 0, 0, 0, 0, 0, 0, 0, 0, 0, 0, 0, 0, 0, 0, 0, 0, 0, 0, 0, 0, 0, 0, 0, 0, 0, 0, 0, 0, 0, 0, 0, 0, 0, 0, 0, 0, 0, 0, 0, 0, 0, 0, 0, 0, 0, 0, 0, 0, 0, 0, 0, 0, 0, 0, 0, 0, 0, 0, 0], 'labels': [0, 613, 351, 15552, 706, 0, -100, -100, -100, -100, -100, -100, -100, -100, -100, -100, -100, -100, -100, -100, -100, -100, -100, -100, -100, -100, -100, -100, -100, -100, -100, -100, -100, -100, -100, -100, -100, -100, -100, -100, -100, -100, -100, -100, -100, -100, -100, -100, -100, -100, -100, -100, -100, -100, -100, -100, -100, -100, -100, -100, -100, -100, -100, -100, -100, -100, -100, -100, -100, -100, -100, -100, -100, -100, -100, -100, -100, -100, -100, -100, -100, -100, -100, -100, -100, -100, -100, -100, -100, -100, -100, -100, -100, -100, -100, -100, -100, -100, -100, -100, -100, -100, -100, -100, -100, -100, -100, -100, -100, -100, -100, -100, -100, -100, -100, -100, -100, -100, -100, -100, -100, -100, -100, -100, -100, -100, -100, -100]}.
[2025-05-27 14:22:45] - INFO: Sample 250 of the test set: {'input_ids': [0, 8291, 485, 12636, 848, 19588, 1223, 2086, 326, 0, 0, 0, 0, 0, 0, 0, 0, 0, 0, 0, 0, 0, 0, 0, 0, 0, 0, 0, 0, 0, 0, 0, 0, 0, 0, 0, 0, 0, 0, 0, 0, 0, 0, 0, 0, 0, 0, 0, 0, 0, 0, 0, 0, 0, 0, 0, 0, 0, 0, 0, 0, 0, 0, 0, 0, 0, 0, 0, 0, 0, 0, 0, 0, 0, 0, 0, 0, 0, 0, 0, 0, 0, 0, 0, 0, 0, 0, 0, 0, 0, 0, 0, 0, 0, 0, 0, 0, 0, 0, 0, 0, 0, 0, 0, 0, 0, 0, 0, 0, 0, 0, 0, 0, 0, 0, 0, 0, 0, 0, 0, 0, 0, 0, 0, 0, 0, 0, 0], 'attention_mask': [1, 1, 1, 1, 1, 1, 1, 1, 1, 1, 0, 0, 0, 0, 0, 0, 0, 0, 0, 0, 0, 0, 0, 0, 0, 0, 0, 0, 0, 0, 0, 0, 0, 0, 0, 0, 0, 0, 0, 0, 0, 0, 0, 0, 0, 0, 0, 0, 0, 0, 0, 0, 0, 0, 0, 0, 0, 0, 0, 0, 0, 0, 0, 0, 0, 0, 0, 0, 0, 0, 0, 0, 0, 0, 0, 0, 0, 0, 0, 0, 0, 0, 0, 0, 0, 0, 0, 0, 0, 0, 0, 0, 0, 0, 0, 0, 0, 0, 0, 0, 0, 0, 0, 0, 0, 0, 0, 0, 0, 0, 0, 0, 0, 0, 0, 0, 0, 0, 0, 0, 0, 0, 0, 0, 0, 0, 0, 0], 'labels': [0, 8291, 485, 12636, 848, 19588, 1223, 2086, 326, 0, -100, -100, -100, -100, -100, -100, -100, -100, -100, -100, -100, -100, -100, -100, -100, -100, -100, -100, -100, -100, -100, -100, -100, -100, -100, -100, -100, -100, -100, -100, -100, -100, -100, -100, -100, -100, -100, -100, -100, -100, -100, -100, -100, -100, -100, -100, -100, -100, -100, -100, -100, -100, -100, -100, -100, -100, -100, -100, -100, -100, -100, -100, -100, -100, -100, -100, -100, -100, -100, -100, -100, -100, -100, -100, -100, -100, -100, -100, -100, -100, -100, -100, -100, -100, -100, -100, -100, -100, -100, -100, -100, -100, -100, -100, -100, -100, -100, -100, -100, -100, -100, -100, -100, -100, -100, -100, -100, -100, -100, -100, -100, -100, -100, -100, -100, -100, -100, -100]}.
[2025-05-27 14:22:54] - INFO: PeftModelForCausalLM(
  (base_model): GPT2LMHeadModel(
    (transformer): GPT2Model(
      (wte): Embedding(50257, 1280)
      (wpe): Embedding(1024, 1280)
      (drop): Dropout(p=0.1, inplace=False)
      (h): ModuleList(
        (0-35): 36 x GPT2Block(
          (ln_1): LayerNorm((1280,), eps=1e-05, elementwise_affine=True)
          (attn): GPT2Attention(
            (c_attn): Conv1D(nf=3840, nx=1280)
            (c_proj): Conv1D(nf=1280, nx=1280)
            (attn_dropout): Dropout(p=0.1, inplace=False)
            (resid_dropout): Dropout(p=0.1, inplace=False)
          )
          (ln_2): LayerNorm((1280,), eps=1e-05, elementwise_affine=True)
          (mlp): GPT2MLP(
            (c_fc): Conv1D(nf=5120, nx=1280)
            (c_proj): Conv1D(nf=1280, nx=5120)
            (act): NewGELUActivation()
            (dropout): Dropout(p=0.1, inplace=False)
          )
        )
      )
      (ln_f): LayerNorm((1280,), eps=1e-05, elementwise_affine=True)
    )
    (lm_head): Linear(in_features=1280, out_features=50257, bias=False)
  )
  (prompt_encoder): ModuleDict(
    (default): PromptEmbedding(
      (embedding): Embedding(20, 1280)
    )
  )
  (word_embeddings): Embedding(50257, 1280)
)
[2025-05-27 14:22:54] - INFO: {'default': PromptTuningConfig(task_type=<TaskType.CAUSAL_LM: 'CAUSAL_LM'>, peft_type=<PeftType.PROMPT_TUNING: 'PROMPT_TUNING'>, auto_mapping=None, base_model_name_or_path='/data/baisr/AMP-generation/ProtGPT2', revision=None, inference_mode=False, num_virtual_tokens=20, token_dim=1280, num_transformer_submodules=1, num_attention_heads=20, num_layers=36, prompt_tuning_init='RANDOM', prompt_tuning_init_text=None, tokenizer_name_or_path='/data/baisr/AMP-generation/ProtGPT2', tokenizer_kwargs=None)}
